0 373 251 378 299 225 294 218 248 * 粤AAB457
1 943 634 945 671 822 683 819 647 * 陕AE8F80
2 524 682 531 733 412 756 404 705 * 陕AD2N68
3 450 133 449 181 299 173 299 126 * 浙A03168
4 202 86 202 117 85 115 85 85 * 黑A16341
5 175 203 174 226 105 220 106 198 * 浙G70000
6 367 823 365 883 177 885 177 826 * 湘AT8781
8 514 159 513 194 400 191 400 157 * 川A762ZS
9 264 233 266 262 156 257 154 229 * 鲁JRW350
10 336 315 339 378 129 374 124 314 * 粤VS1866
11 1022 680 1025 760 773 753 769 676 * 浙JP291Q
12 1912 986 1916 1069 1651 1071 1643 990 * 浙AM690M
13 540 230 542 285 353 283 351 229 * 粤A5J512
14 282 797 282 848 102 851 100 800 * 湘AL8387
15 205 317 205 346 112 346 110 318 * 粤B3RS91
16 203 323 203 355 102 354 101 322 * 粤B7VW40
17 190 314 190 338 116 337 115 313 * 粤BK33E3
18 437 614 437 660 273 658 272 611 * 皖AH8331
19 457 185 458 220 355 217 355 183 * 川AUU093
20 1253 684 1254 756 1035 755 1032 685 * 粤B5PQ23
21 215 102 217 128 116 131 115 105 * 闽HB1508
22 381 279 379 329 229 320 231 272 * 浙A68952
23 763 716 763 761 617 764 616 720 * 赣A82F36
24 205 1420 205 1448 106 1442 105 1415 * 皖Q15538
25 197 308 197 339 102 336 101 307 * 粤BZ89M9
27 1029 622 1030 658 911 660 908 625 * 湘A9NU97
28 1459 737 1458 802 1256 802 1256 738 * 粤SK903B
29 323 159 323 226 82 223 82 156 * 川A88888
30 221 810 221 867 42 871 40 815 * 湘A31Y83
33 188 296 189 326 99 327 97 297 * 粤B577QK
34 423 216 422 265 276 257 276 209 * 浙A50819
35 248 214 248 243 144 242 143 213 * 黑AB4444
37 1278 762 1285 819 1064 831 1060 774 * 粤A5PJ05
38 544 275 543 334 368 325 367 268 * 苏AL926V
39 1203 629 1204 664 1081 665 1079 631 * 沪J32500
40 515 226 516 292 428 341 428 271 * 川A82M83
42 1338 612 1339 648 1204 645 1201 609 * 苏BGG522
44 1012 793 1013 829 901 830 899 795 * 沪A51V39
45 260 154 261 190 135 191 132 155 * 鲁BQG527
46 307 695 311 737 163 741 157 700 * 皖ATH859
48 1073 669 1074 706 962 705 959 669 * 浙A26M71
49 467 321 471 364 363 396 359 349 * 辽BG0D80
50 1366 764 1366 803 1224 802 1223 764 * 沪K62933
52 481 174 482 209 373 205 371 171 * 川AY116F
53 647 266 646 315 493 304 491 257 * 苏E75614
54 406 753 405 790 283 788 284 751 * 浙L66736
55 259 854 258 912 68 914 68 857 * 湘ATL269
57 372 475 372 516 231 520 229 480 * 皖AT789S
58 247 161 246 189 144 189 144 161 * 湘G60009
59 448 307 450 365 268 352 265 296 * 粤AAA379
63 356 303 354 373 147 358 147 290 * 粤A89311
64 1521 687 1521 743 1348 745 1347 689 * 粤SD050L
65 1952 1121 1961 1217 1630 1248 1621 1151 * 沪JS6999
66 489 270 486 319 327 305 329 258 * 浙A21027
67 344 472 347 508 202 513 199 478 * 皖A22T43
69 211 322 210 349 103 351 104 324 * 粤BTT255
70 418 585 420 632 276 636 273 590 * 皖AUB816
71 1115 638 1115 672 1003 671 1002 638 * 沪AGH092
72 1065 549 1062 656 736 628 736 522 * 津RB7992
73 568 252 571 308 390 326 385 269 * 粤OA2160
74 202 315 202 346 109 346 109 315 * 粤B972HL
75 555 220 558 257 441 256 437 220 * 川R35779
77 606 359 604 418 369 431 371 371 * 苏AD6A99
78 856 590 857 627 740 628 739 592 * 沪AP0910
80 1267 764 1268 802 1129 802 1128 765 * 浙B7C289
81 157 668 157 704 43 707 42 671 * 冀FA3215
83 608 284 608 341 421 331 419 275 * 粤A84266
85 277 125 273 176 118 163 122 113 * 浙A12903
86 968 660 968 696 845 697 845 661 * 苏B577CU
87 737 575 738 625 607 608 604 561 * 津KNG518
88 1289 701 1289 764 1095 767 1091 704 * 粤A2TS00
89 449 371 449 404 336 410 336 376 * 沪ALB022
90 409 188 409 227 286 228 286 188 * 川A113YP
92 375 211 374 260 224 249 224 200 * 浙A12210
93 201 336 201 361 124 360 124 336 * 粤BP3T05
94 300 549 302 589 171 592 169 552 * 皖AK169H
95 390 246 392 309 190 298 186 237 * 粤AAF230
96 258 228 258 248 185 251 184 230 * 辽B99999
97 200 341 199 362 124 362 124 341 * 粤B2757B
98 473 180 472 221 336 214 337 173 * 浙AA2270
100 1499 694 1496 761 1263 758 1265 692 * 粤AF9C00
103 478 203 477 250 327 238 328 192 * 浙AA5547
104 754 687 752 739 578 723 579 673 * 津DTG667
105 565 165 564 200 462 199 463 164 * 川A561WP
106 973 638 974 674 863 673 862 638 * 粤BDB720
107 1211 581 1209 615 1078 614 1080 580 * 豫K91239
108 556 335 560 387 389 392 384 339 * 粤CXE592
109 274 761 274 822 82 825 80 763 * 湘A0PC37
110 1863 1097 1869 1190 1543 1195 1537 1105 * 苏CTF181
111 459 312 463 345 371 353 366 320 * 苏A36E80
112 435 265 438 309 332 328 327 283 * 川A09X20
113 207 301 208 333 103 333 102 301 * 粤BE24Q7
114 524 631 529 679 363 683 358 635 * 皖A85890
115 390 122 389 142 326 142 327 122 * 皖QA2825
116 963 651 962 684 853 685 852 652 * 浙F397C0
117 875 692 878 725 765 728 762 694 * 苏B551QV
119 639 466 639 528 369 503 366 443 * 苏A66U71
120 101 122 101 135 49 136 49 123 * 皖Q18632
121 190 151 190 172 122 172 122 151 * 粤B0K999
122 1007 772 1010 810 869 811 865 773 * 苏A0CP56
123 511 108 512 139 413 140 412 109 * 粤BE609T
126 827 1042 832 1087 680 1102 673 1058 * 浙L11921
127 600 315 600 375 366 386 364 326 * 苏A20Q03
128 870 633 867 692 730 663 731 606 * 津H65817
129 1742 1297 1750 1413 1305 1415 1292 1302 * 苏AQ5B65
130 394 388 396 427 303 450 300 411 * 苏AVW997
131 1316 698 1314 732 1181 734 1183 700 * 皖P77222
132 407 315 411 364 256 366 251 317 * 粤TD1291
133 949 636 949 676 827 678 825 639 * 湘A3MA06
134 753 510 753 553 617 543 616 502 * 津AHP676
135 292 792 292 849 113 851 113 795 * 湘AT1Y68
137 202 108 200 142 82 142 83 109 * 鲁Y44748
139 410 268 412 327 230 319 229 261 * 粤OA9112
140 557 127 557 161 446 155 445 122 * 苏ADW072
141 701 359 700 383 624 379 626 356 * 津JZ3999
142 712 361 707 530 146 484 146 319 * 沪D71603
143 503 291 508 347 327 352 321 297 * 粤A5Q951
144 577 222 577 274 390 292 388 239 * 粤AL6212
145 556 946 553 990 420 978 421 934 * 皖A45277
146 187 141 187 165 107 166 106 142 * 鲁LD9016
147 389 199 390 255 322 299 321 240 * 川A019W2
149 539 641 536 703 356 682 358 622 * 津E14579
150 300 851 298 917 93 920 93 855 * 湘A9YU86
151 278 153 277 180 178 181 179 154 * 鲁A88888
153 363 293 363 353 231 313 230 256 * 苏EB68W9
154 414 247 415 286 294 274 292 236 * 闽CPB592
155 438 267 436 324 252 315 252 259 * 粤AAC044
156 483 494 483 539 306 537 306 493 * 苏A75976
157 276 198 277 230 168 232 167 201 * 京H99999
159 633 724 634 759 521 759 520 725 * 苏E2Y256
161 599 591 598 620 509 622 510 593 * 湘A2991D
162 464 693 463 753 310 722 310 665 * 津MN0888
163 1190 758 1194 819 972 831 968 771 * 粤X30479
164 367 286 371 332 218 330 213 285 * 粤OT9048
166 326 241 326 272 210 274 210 243 * 浙F99999
168 303 786 302 840 133 841 134 788 * 湘A5RM87
169 390 482 388 520 247 518 250 481 * 皖A87271
170 1204 716 1209 772 1038 781 1032 726 * 粤A5DP12
171 1567 726 1565 801 1334 803 1332 729 * 粤B5W601
172 455 224 455 251 393 247 392 221 * 川AGU801
173 258 838 261 893 80 896 75 842 * 湘AYN355
174 262 195 261 220 180 221 180 195 * 京CX8888
175 496 208 495 243 394 239 394 205 * 川A095Q5
176 443 463 446 501 317 502 314 465 * 皖AX688A
177 412 680 410 732 263 710 266 659 * 津LS2999
179 519 252 519 299 365 287 364 242 * 浙A95044
180 335 215 337 252 209 246 207 210 * 京PC5U22
181 227 659 224 693 118 695 119 660 * 湘A05H22
182 828 558 828 608 667 589 667 540 * 津E28437
183 189 311 189 337 104 335 103 309 * 粤BZ756T
184 420 214 421 248 321 240 319 208 * 沪B683J8
185 1181 536 1182 576 1046 576 1044 536 * 辽PE9218
186 245 262 246 315 106 305 103 254 * 川AL0Q87
187 175 98 175 126 70 125 70 97 * 鲁B995EQ
189 405 292 407 334 283 331 281 290 * 川A105LR
190 1547 769 1549 839 1337 843 1335 774 * 粤A2HQ34
191 572 227 573 259 464 255 463 225 * 苏A85Z95
192 331 255 335 305 169 313 165 263 * 浙A88888
193 216 339 217 369 109 369 107 339 * 粤BR75Y3
194 231 199 231 224 133 225 133 199 * 浙GZB388
195 296 303 298 335 180 339 177 307 * 川C28888
196 520 227 520 279 358 265 358 216 * 浙AC1847
197 210 777 209 827 54 827 54 778 * 湘A53U19
199 230 308 228 334 146 329 148 304 * 皖A1T235
200 641 337 639 403 392 393 392 328 * 苏AP0966
201 448 144 448 171 364 170 365 143 * 川AKQ291
202 265 674 266 710 147 712 145 676 * 湘AA8516
203 907 96 912 156 651 172 644 112 * 渝B3587学
205 190 305 190 331 109 331 108 306 * 粤B2LR57
206 187 308 187 331 114 332 114 309 * 粤B4051L
208 459 276 460 335 273 326 271 270 * 粤AAD348
209 217 345 217 371 111 366 110 341 * 粤B901BF
210 1841 1279 1848 1389 1433 1401 1422 1292 * 浙E6686V
211 184 171 184 195 111 193 111 169 * 辽BMW005
213 1271 586 1268 620 1138 617 1139 584 * 黑A1R272
214 1311 670 1313 742 1095 739 1092 668 * 粤AV0U41
215 186 290 186 320 92 320 92 290 * 粤BA9H07
216 502 177 501 209 396 206 396 174 * 川AKM065
218 574 344 573 382 455 379 455 341 * 苏A9YP07
219 531 234 530 265 457 285 458 252 * 川AEK882
221 1277 646 1277 686 1143 683 1141 643 * 苏DLA031
222 177 291 176 310 112 310 112 290 * 粤BW44R6
223 266 670 266 704 149 705 148 671 * 湘AT3597
225 373 300 373 338 257 338 255 300 * 川AZ408T
227 573 970 575 1008 441 1010 439 973 * 浙LD1930
228 631 715 630 756 494 757 494 715 * 湘A0PQ76
229 608 693 611 754 453 740 450 681 * 津NRL118
230 438 146 439 204 255 199 252 142 * 粤AA0825
231 1487 1447 1492 1525 1183 1527 1178 1449 * 沪KT5583
232 217 169 219 196 126 200 124 173 * 京A88731
233 203 263 203 299 119 287 119 253 * 川AA662F
234 488 246 487 278 394 276 394 245 * 川AS9V79
235 1394 611 1394 645 1265 645 1264 612 * 豫S33909
236 389 287 389 334 243 325 243 279 * 浙A54614
237 159 671 158 708 40 707 40 670 * 湘A97971
238 347 1425 348 1453 243 1452 241 1424 * 皖A30123
239 232 193 233 219 144 221 143 195 * 浙GZJ021
240 927 636 928 671 809 671 808 636 * 苏BU5838
243 359 229 357 275 215 268 216 223 * 浙A72220
244 390 232 388 284 230 274 231 224 * 浙A13840
245 1236 663 1239 704 1112 704 1111 663 * 粤A961F3
246 199 147 198 193 60 187 60 141 * 浙AA4586
247 821 349 829 384 713 392 704 357 * 桂ATK071
248 292 201 294 235 167 237 163 203 * 鲁KK5555
249 1057 390 1057 441 891 434 891 385 * 津G68991
250 209 322 210 355 109 356 108 324 * 粤BB867A
251 244 214 244 237 151 236 151 213 * 辽C33333
252 1230 717 1229 750 1092 751 1092 717 * 苏A6E176
253 1555 738 1553 807 1316 811 1318 743 * 粤AB288Y
255 1124 523 1132 615 834 643 823 551 * 粤E9R439
